start	21	2022	1	8	12
	593	415	148.250000	-13.750000	1.004650e+05	0.000000e+00	2022	1	8	12
	593	416	148.250000	-14.000000	1.002154e+05	0.000000e+00	2022	1	8	18
	589	417	147.250000	-14.250000	1.003964e+05	0.000000e+00	2022	1	9	0
	586	417	146.500000	-14.250000	9.989175e+04	0.000000e+00	2022	1	9	6
	582	417	145.500000	-14.250000	9.953319e+04	0.000000e+00	2022	1	9	18
	568	420	142.000000	-15.000000	1.003147e+05	0.000000e+00	2022	1	10	18
	559	419	139.750000	-14.750000	9.994350e+04	0.000000e+00	2022	1	11	6
	555	420	138.750000	-15.000000	1.001751e+05	0.000000e+00	2022	1	11	12
	548	420	137.000000	-15.000000	9.975994e+04	0.000000e+00	2022	1	11	18
	542	420	135.500000	-15.000000	9.987350e+04	0.000000e+00	2022	1	12	0
	537	419	134.250000	-14.750000	9.984088e+04	0.000000e+00	2022	1	12	6
	527	421	131.750000	-15.250000	9.996919e+04	0.000000e+00	2022	1	12	18
	522	422	130.500000	-15.500000	1.003336e+05	0.000000e+00	2022	1	13	0
	511	423	127.750000	-15.750000	1.001569e+05	0.000000e+00	2022	1	13	12
	507	422	126.750000	-15.500000	9.968400e+04	0.000000e+00	2022	1	13	18
	507	423	126.750000	-15.750000	1.001056e+05	0.000000e+00	2022	1	14	0
	498	429	124.500000	-17.250000	9.963606e+04	0.000000e+00	2022	1	14	18
	502	433	125.500000	-18.250000	9.981381e+04	0.000000e+00	2022	1	15	0
	500	437	125.000000	-19.250000	9.951575e+04	0.000000e+00	2022	1	15	6
	498	439	124.500000	-19.750000	9.964700e+04	0.000000e+00	2022	1	15	12
	510	454	127.500000	-23.500000	9.966456e+04	0.000000e+00	2022	1	16	12
start	37	2022	1	9	12
	705	440	176.250000	-20.000000	9.933906e+04	0.000000e+00	2022	1	9	12
	708	439	177.000000	-19.750000	9.891119e+04	0.000000e+00	2022	1	9	18
	706	442	176.500000	-20.500000	9.891694e+04	0.000000e+00	2022	1	10	0
	705	443	176.250000	-20.750000	9.856219e+04	0.000000e+00	2022	1	10	6
	701	443	175.250000	-20.750000	9.874719e+04	0.000000e+00	2022	1	10	12
	697	443	174.250000	-20.750000	9.853219e+04	0.000000e+00	2022	1	10	18
	695	443	173.750000	-20.750000	9.865800e+04	0.000000e+00	2022	1	11	0
	694	443	173.500000	-20.750000	9.846900e+04	0.000000e+00	2022	1	11	6
	693	445	173.250000	-21.250000	9.867938e+04	0.000000e+00	2022	1	11	12
	694	447	173.500000	-21.750000	9.856744e+04	0.000000e+00	2022	1	11	18
	694	451	173.500000	-22.750000	9.869600e+04	0.000000e+00	2022	1	12	0
	695	453	173.750000	-23.250000	9.845812e+04	0.000000e+00	2022	1	12	6
	696	456	174.000000	-24.000000	9.862238e+04	0.000000e+00	2022	1	12	12
	700	458	175.000000	-24.500000	9.862994e+04	0.000000e+00	2022	1	12	18
	702	463	175.500000	-25.750000	9.862406e+04	0.000000e+00	2022	1	13	0
	704	465	176.000000	-26.250000	9.834212e+04	0.000000e+00	2022	1	13	6
	708	467	177.000000	-26.750000	9.831612e+04	0.000000e+00	2022	1	13	12
	708	469	177.000000	-27.250000	9.804700e+04	0.000000e+00	2022	1	13	18
	711	470	177.750000	-27.500000	9.821706e+04	0.000000e+00	2022	1	14	0
	712	472	178.000000	-28.000000	9.818844e+04	0.000000e+00	2022	1	14	6
	715	472	178.750000	-28.000000	9.830244e+04	0.000000e+00	2022	1	14	12
	718	473	179.500000	-28.250000	9.839956e+04	0.000000e+00	2022	1	14	18
	720	476	180.000000	-29.000000	9.866556e+04	0.000000e+00	2022	1	15	0
	724	481	181.000000	-30.250000	9.848400e+04	0.000000e+00	2022	1	15	12
	727	485	181.750000	-31.250000	9.827744e+04	0.000000e+00	2022	1	15	18
	728	489	182.000000	-32.250000	9.844650e+04	0.000000e+00	2022	1	16	0
	729	492	182.250000	-33.000000	9.864188e+04	0.000000e+00	2022	1	16	6
	729	506	182.250000	-36.500000	9.890888e+04	0.000000e+00	2022	1	16	18
	730	512	182.500000	-38.000000	9.893400e+04	0.000000e+00	2022	1	17	0
	733	520	183.250000	-40.000000	9.880944e+04	0.000000e+00	2022	1	17	12
	743	534	185.750000	-43.500000	9.922881e+04	0.000000e+00	2022	1	18	6
	747	538	186.750000	-44.500000	9.929969e+04	0.000000e+00	2022	1	18	12
	753	543	188.250000	-45.750000	9.940525e+04	0.000000e+00	2022	1	18	18
	760	548	190.000000	-47.000000	9.949244e+04	0.000000e+00	2022	1	19	0
	769	555	192.250000	-48.750000	9.948412e+04	0.000000e+00	2022	1	19	6
	777	563	194.250000	-50.750000	9.949438e+04	0.000000e+00	2022	1	19	12
	786	570	196.500000	-52.500000	9.953019e+04	0.000000e+00	2022	1	19	18
start	10	2022	1	23	12
	177	422	44.250000	-15.500000	9.987831e+04	2.117000e+04	2022	1	23	12
	173	423	43.250000	-15.750000	9.985206e+04	1.982187e+03	2022	1	23	18
	166	424	41.500000	-16.000000	9.952806e+04	0.000000e+00	2022	1	24	0
	162	424	40.500000	-16.000000	9.937912e+04	0.000000e+00	2022	1	24	6
	155	426	38.750000	-16.500000	9.915769e+04	5.503410e+03	2022	1	24	12
	150	425	37.500000	-16.250000	9.937731e+04	5.375880e+03	2022	1	24	18
	145	425	36.250000	-16.250000	9.950088e+04	4.257540e+03	2022	1	25	0
	142	427	35.500000	-16.750000	9.975062e+04	5.846760e+03	2022	1	25	6
	138	427	34.500000	-16.750000	9.979888e+04	3.649320e+03	2022	1	25	12
	125	425	31.250000	-16.250000	1.000782e+05	5.984100e+03	2022	1	25	18
start	49	2022	1	29	0
	287	433	71.750000	-18.250000	9.982638e+04	0.000000e+00	2022	1	29	0
	284	432	71.000000	-18.000000	9.994850e+04	0.000000e+00	2022	1	29	6
	282	433	70.500000	-18.250000	9.967312e+04	0.000000e+00	2022	1	29	12
	277	431	69.250000	-17.750000	9.984094e+04	0.000000e+00	2022	1	29	18
	274	430	68.500000	-17.500000	9.943119e+04	0.000000e+00	2022	1	30	0
	270	428	67.500000	-17.000000	9.949569e+04	0.000000e+00	2022	1	30	6
	266	427	66.500000	-16.750000	9.905231e+04	0.000000e+00	2022	1	30	12
	262	426	65.500000	-16.500000	9.913962e+04	0.000000e+00	2022	1	30	18
	258	425	64.500000	-16.250000	9.885062e+04	0.000000e+00	2022	1	31	0
	255	424	63.750000	-16.000000	9.893219e+04	0.000000e+00	2022	1	31	6
	252	423	63.000000	-15.750000	9.865200e+04	0.000000e+00	2022	1	31	12
	252	424	63.000000	-16.000000	9.875994e+04	0.000000e+00	2022	1	31	18
	249	425	62.250000	-16.250000	9.823381e+04	0.000000e+00	2022	2	1	0
	245	427	61.250000	-16.750000	9.842575e+04	0.000000e+00	2022	2	1	6
	241	428	60.250000	-17.000000	9.815531e+04	0.000000e+00	2022	2	1	12
	238	430	59.500000	-17.500000	9.812994e+04	0.000000e+00	2022	2	1	18
	233	432	58.250000	-18.000000	9.769700e+04	0.000000e+00	2022	2	2	0
	230	435	57.500000	-18.750000	9.754656e+04	0.000000e+00	2022	2	2	6
	226	436	56.500000	-19.000000	9.698694e+04	1.304721e+03	2022	2	2	12
	224	436	56.000000	-19.000000	9.673556e+04	1.863900e+03	2022	2	2	18
	222	436	55.500000	-19.000000	9.634719e+04	2.001236e+03	2022	2	3	0
	221	436	55.250000	-19.000000	9.670581e+04	2.011055e+03	2022	2	3	6
	220	437	55.000000	-19.250000	9.636812e+04	1.500928e+03	2022	2	3	12
	218	437	54.500000	-19.250000	9.679094e+04	1.461688e+03	2022	2	3	18
	215	437	53.750000	-19.250000	9.661056e+04	1.805022e+03	2022	2	4	0
	212	437	53.000000	-19.250000	9.644456e+04	1.912970e+03	2022	2	4	6
	210	438	52.500000	-19.500000	9.587431e+04	1.858972e+03	2022	2	4	12
	208	439	52.000000	-19.750000	9.603062e+04	1.952190e+03	2022	2	4	18
	204	440	51.000000	-20.000000	9.632825e+04	2.084617e+03	2022	2	5	0
	201	440	50.250000	-20.000000	9.626244e+04	2.550598e+03	2022	2	5	6
	197	443	49.250000	-20.750000	9.646344e+04	2.903749e+03	2022	2	5	12
	193	443	48.250000	-20.750000	9.731600e+04	3.570832e+03	2022	2	5	18
	188	445	47.000000	-21.250000	9.850731e+04	4.983400e+03	2022	2	6	0
	182	448	45.500000	-22.000000	9.889762e+04	6.906227e+03	2022	2	6	6
	177	453	44.250000	-23.250000	9.904788e+04	7.573334e+03	2022	2	6	12
	172	454	43.000000	-23.500000	9.905875e+04	9.795277e+03	2022	2	6	18
	167	454	41.750000	-23.500000	9.905212e+04	9.780573e+03	2022	2	7	0
	167	455	41.750000	-23.750000	9.926806e+04	9.299864e+03	2022	2	7	6
	167	457	41.750000	-24.250000	9.917019e+04	9.437229e+03	2022	2	7	12
	167	462	41.750000	-25.500000	9.921450e+04	8.789777e+03	2022	2	7	18
	166	463	41.500000	-25.750000	9.888981e+04	9.241020e+03	2022	2	8	0
	166	469	41.500000	-27.250000	9.896912e+04	1.117358e+04	2022	2	8	6
	165	472	41.250000	-28.000000	9.889138e+04	8.318890e+03	2022	2	8	12
	166	479	41.500000	-29.750000	9.892306e+04	5.601526e+03	2022	2	8	18
	168	487	42.000000	-31.750000	9.865731e+04	3.404064e+03	2022	2	9	0
	166	492	41.500000	-33.000000	9.843644e+04	4.625389e+03	2022	2	9	6
	171	497	42.750000	-34.250000	9.838600e+04	1.608838e+03	2022	2	9	12
	175	503	43.750000	-35.750000	9.836044e+04	3.217651e+03	2022	2	9	18
	182	507	45.500000	-36.750000	9.843862e+04	2.033636e+04	2022	2	10	0
start	18	2022	2	8	18
	675	437	168.750000	-19.250000	9.897131e+04	0.000000e+00	2022	2	8	18
	676	438	169.000000	-19.500000	9.864856e+04	0.000000e+00	2022	2	9	0
	677	440	169.250000	-20.000000	9.852619e+04	0.000000e+00	2022	2	9	6
	677	440	169.250000	-20.000000	9.862325e+04	0.000000e+00	2022	2	9	12
	676	443	169.000000	-20.750000	9.829969e+04	0.000000e+00	2022	2	9	18
	674	444	168.500000	-21.000000	9.815012e+04	0.000000e+00	2022	2	10	0
	672	449	168.000000	-22.250000	9.785688e+04	0.000000e+00	2022	2	10	6
	668	452	167.000000	-23.000000	9.793456e+04	0.000000e+00	2022	2	10	12
	666	456	166.500000	-24.000000	9.751662e+04	0.000000e+00	2022	2	10	18
	664	460	166.000000	-25.000000	9.762475e+04	0.000000e+00	2022	2	11	0
	664	467	166.000000	-26.750000	9.734956e+04	0.000000e+00	2022	2	11	6
	664	476	166.000000	-29.000000	9.732638e+04	0.000000e+00	2022	2	11	12
	663	486	165.750000	-31.500000	9.696725e+04	0.000000e+00	2022	2	11	18
	666	493	166.500000	-33.250000	9.747344e+04	0.000000e+00	2022	2	12	0
	672	498	168.000000	-34.500000	9.756888e+04	0.000000e+00	2022	2	12	6
	683	505	170.750000	-36.250000	9.823881e+04	0.000000e+00	2022	2	12	12
	693	514	173.250000	-38.500000	9.829688e+04	0.000000e+00	2022	2	12	18
	713	524	178.250000	-41.000000	9.888356e+04	0.000000e+00	2022	2	13	0
start	17	2022	2	15	12
	370	419	92.500000	-14.750000	9.951688e+04	0.000000e+00	2022	2	15	12
	368	425	92.000000	-16.250000	9.927469e+04	0.000000e+00	2022	2	16	0
	363	428	90.750000	-17.000000	9.930644e+04	0.000000e+00	2022	2	16	6
	360	429	90.000000	-17.250000	9.900331e+04	0.000000e+00	2022	2	16	12
	359	431	89.750000	-17.750000	9.917312e+04	0.000000e+00	2022	2	16	18
	357	435	89.250000	-18.750000	9.899731e+04	0.000000e+00	2022	2	17	0
	355	441	88.750000	-20.250000	9.912019e+04	0.000000e+00	2022	2	17	6
	352	445	88.000000	-21.250000	9.893319e+04	0.000000e+00	2022	2	17	12
	350	452	87.500000	-23.000000	9.907619e+04	4.267266e+02	2022	2	17	18
	350	456	87.500000	-24.000000	9.870712e+04	7.210356e+02	2022	2	18	0
	346	465	86.500000	-26.250000	9.858575e+04	5.787867e+02	2022	2	18	6
	346	470	86.500000	-27.500000	9.851262e+04	2.989673e+04	2022	2	18	12
	349	479	87.250000	-29.750000	9.861300e+04	5.238457e+04	2022	2	18	18
	350	489	87.500000	-32.250000	9.805144e+04	5.817407e+04	2022	2	19	0
	352	495	88.000000	-33.750000	9.780500e+04	5.223838e+04	2022	2	19	6
	355	503	88.750000	-35.750000	9.756875e+04	5.277758e+04	2022	2	19	12
	359	509	89.750000	-37.250000	9.802781e+04	3.994623e+04	2022	2	19	18
start	40	2022	2	15	18
	287	416	71.750000	-14.000000	1.002798e+05	0.000000e+00	2022	2	15	18
	276	416	69.000000	-14.000000	9.944731e+04	0.000000e+00	2022	2	16	12
	271	415	67.750000	-13.750000	9.951938e+04	0.000000e+00	2022	2	16	18
	268	416	67.000000	-14.000000	9.911931e+04	0.000000e+00	2022	2	17	0
	264	416	66.000000	-14.000000	9.929319e+04	0.000000e+00	2022	2	17	6
	260	416	65.000000	-14.000000	9.906569e+04	0.000000e+00	2022	2	17	12
	257	415	64.250000	-13.750000	9.915769e+04	0.000000e+00	2022	2	17	18
	253	415	63.250000	-13.750000	9.874912e+04	0.000000e+00	2022	2	18	0
	249	416	62.250000	-14.000000	9.886725e+04	0.000000e+00	2022	2	18	6
	247	418	61.750000	-14.500000	9.859388e+04	0.000000e+00	2022	2	18	12
	243	420	60.750000	-15.000000	9.872175e+04	0.000000e+00	2022	2	18	18
	238	422	59.500000	-15.500000	9.827744e+04	0.000000e+00	2022	2	19	0
	235	424	58.750000	-16.000000	9.830675e+04	0.000000e+00	2022	2	19	6
	232	427	58.000000	-16.750000	9.783725e+04	0.000000e+00	2022	2	19	12
	228	428	57.000000	-17.000000	9.792856e+04	0.000000e+00	2022	2	19	18
	225	428	56.250000	-17.000000	9.746694e+04	0.000000e+00	2022	2	20	0
	223	429	55.750000	-17.250000	9.771269e+04	0.000000e+00	2022	2	20	6
	220	430	55.000000	-17.500000	9.739244e+04	7.440927e+03	2022	2	20	12
	218	430	54.500000	-17.500000	9.733556e+04	5.684915e+03	2022	2	20	18
	216	431	54.000000	-17.750000	9.698000e+04	3.973039e+03	2022	2	21	0
	213	431	53.250000	-17.750000	9.700850e+04	4.453749e+03	2022	2	21	6
	211	433	52.750000	-18.250000	9.680912e+04	3.904371e+03	2022	2	21	12
	208	434	52.000000	-18.500000	9.685481e+04	3.350115e+03	2022	2	21	18
	203	437	50.750000	-19.250000	9.664275e+04	2.727182e+03	2022	2	22	0
	200	439	50.000000	-19.750000	9.687388e+04	2.893948e+03	2022	2	22	6
	198	443	49.500000	-20.750000	9.678850e+04	2.707560e+03	2022	2	22	12
	194	446	48.500000	-21.500000	9.691300e+04	2.830180e+03	2022	2	22	18
	190	449	47.500000	-22.250000	9.782269e+04	4.031898e+03	2022	2	23	0
	187	453	46.750000	-23.250000	9.913250e+04	6.258802e+03	2022	2	23	6
	180	459	45.000000	-24.750000	9.916681e+04	7.543863e+03	2022	2	23	12
	174	459	43.500000	-24.750000	9.932862e+04	1.047693e+04	2022	2	23	18
	173	462	43.250000	-25.500000	9.930056e+04	7.328082e+03	2022	2	24	0
	170	468	42.500000	-27.000000	9.948756e+04	8.833918e+03	2022	2	24	6
	167	472	41.750000	-28.000000	9.928844e+04	7.730283e+03	2022	2	24	12
	165	475	41.250000	-28.750000	9.935781e+04	7.573329e+03	2022	2	24	18
	164	480	41.000000	-30.000000	9.911512e+04	6.003718e+03	2022	2	25	0
	165	486	41.250000	-31.500000	9.903775e+04	5.120813e+03	2022	2	25	6
	169	494	42.250000	-33.500000	9.881831e+04	2.786018e+03	2022	2	25	12
	171	497	42.750000	-34.250000	9.878600e+04	1.608838e+03	2022	2	25	18
	176	498	44.000000	-34.500000	9.863850e+04	6.866821e+02	2022	2	26	0
start	26	2022	2	24	12
	512	411	128.000000	-12.750000	1.003102e+05	0.000000e+00	2022	2	24	12
	513	410	128.250000	-12.500000	9.999906e+04	0.000000e+00	2022	2	24	18
	513	411	128.250000	-12.750000	1.000534e+05	0.000000e+00	2022	2	25	0
	512	410	128.000000	-12.500000	9.961200e+04	0.000000e+00	2022	2	25	6
	510	412	127.500000	-13.000000	9.969231e+04	0.000000e+00	2022	2	25	12
	510	411	127.500000	-12.750000	9.908875e+04	0.000000e+00	2022	2	25	18
	510	412	127.500000	-13.000000	9.904150e+04	0.000000e+00	2022	2	26	0
	510	414	127.500000	-13.500000	9.905138e+04	0.000000e+00	2022	2	26	6
	510	416	127.500000	-14.000000	9.922806e+04	0.000000e+00	2022	2	26	12
	509	417	127.250000	-14.250000	9.906488e+04	0.000000e+00	2022	2	26	18
	507	418	126.750000	-14.500000	9.913650e+04	0.000000e+00	2022	2	27	0
	504	420	126.000000	-15.000000	9.901544e+04	0.000000e+00	2022	2	27	6
	502	420	125.500000	-15.000000	9.943881e+04	0.000000e+00	2022	2	27	12
	501	421	125.250000	-15.250000	9.945738e+04	0.000000e+00	2022	2	27	18
	501	421	125.250000	-15.250000	9.985938e+04	0.000000e+00	2022	2	28	0
	498	425	124.500000	-16.250000	9.964281e+04	0.000000e+00	2022	2	28	6
	495	428	123.750000	-17.000000	9.963650e+04	0.000000e+00	2022	2	28	18
	487	430	121.750000	-17.500000	9.964794e+04	5.100909e+02	2022	3	1	12
	488	432	122.000000	-18.000000	9.945194e+04	4.164788e+03	2022	3	1	18
	484	436	121.000000	-19.000000	9.936825e+04	0.000000e+00	2022	3	2	0
	483	436	120.750000	-19.000000	9.922206e+04	0.000000e+00	2022	3	2	6
	484	439	121.000000	-19.750000	9.929350e+04	0.000000e+00	2022	3	2	12
	484	443	121.000000	-20.750000	9.901694e+04	0.000000e+00	2022	3	2	18
	486	444	121.500000	-21.000000	9.951644e+04	0.000000e+00	2022	3	3	0
	488	449	122.000000	-22.250000	9.924456e+04	0.000000e+00	2022	3	3	6
	490	450	122.500000	-22.500000	9.993919e+04	0.000000e+00	2022	3	3	12
start	31	2022	2	25	12
	374	416	93.500000	-14.000000	1.003491e+05	0.000000e+00	2022	2	25	12
	370	417	92.500000	-14.250000	1.003362e+05	0.000000e+00	2022	2	25	18
	364	418	91.000000	-14.500000	1.001555e+05	0.000000e+00	2022	2	26	0
	358	417	89.500000	-14.250000	1.002026e+05	0.000000e+00	2022	2	26	6
	354	415	88.500000	-13.750000	1.000563e+05	0.000000e+00	2022	2	26	12
	353	411	88.250000	-12.750000	9.994850e+04	0.000000e+00	2022	2	27	0
	354	411	88.500000	-12.750000	9.992419e+04	0.000000e+00	2022	2	27	6
	354	413	88.500000	-13.250000	9.968931e+04	0.000000e+00	2022	2	27	12
	353	412	88.250000	-13.000000	9.989638e+04	0.000000e+00	2022	2	27	18
	351	413	87.750000	-13.250000	9.951588e+04	0.000000e+00	2022	2	28	0
	351	415	87.750000	-13.750000	9.949931e+04	0.000000e+00	2022	2	28	6
	350	416	87.500000	-14.000000	9.933862e+04	0.000000e+00	2022	2	28	12
	348	419	87.000000	-14.750000	9.951788e+04	0.000000e+00	2022	2	28	18
	347	421	86.750000	-15.250000	9.941238e+04	0.000000e+00	2022	3	1	0
	344	424	86.000000	-16.000000	9.937944e+04	0.000000e+00	2022	3	1	6
	342	428	85.500000	-17.000000	9.928594e+04	0.000000e+00	2022	3	1	12
	339	429	84.750000	-17.250000	9.951019e+04	0.000000e+00	2022	3	1	18
	337	433	84.250000	-18.250000	9.942575e+04	0.000000e+00	2022	3	2	0
	334	436	83.500000	-19.000000	9.911631e+04	5.851591e+03	2022	3	2	6
	333	439	83.250000	-19.750000	9.902850e+04	5.984226e+03	2022	3	2	12
	330	443	82.500000	-20.750000	9.927069e+04	4.855867e+03	2022	3	2	18
	328	448	82.000000	-22.000000	9.909719e+04	2.604603e+03	2022	3	3	0
	325	453	81.250000	-23.250000	9.911581e+04	5.061937e+03	2022	3	3	6
	324	459	81.000000	-24.750000	9.902769e+04	2.952779e+03	2022	3	3	12
	322	464	80.500000	-26.000000	9.906675e+04	1.142884e+03	2022	3	3	18
	320	469	80.000000	-27.250000	9.929000e+04	1.334161e+03	2022	3	4	0
	319	473	79.750000	-28.250000	9.936900e+04	1.549977e+03	2022	3	4	6
	318	479	79.500000	-29.750000	9.920544e+04	1.342017e+04	2022	3	4	18
	318	482	79.500000	-30.500000	9.919219e+04	1.972788e+04	2022	3	5	0
	318	483	79.500000	-30.750000	9.950019e+04	3.893596e+04	2022	3	5	6
	319	486	79.750000	-31.500000	9.941362e+04	3.669932e+04	2022	3	5	12
start	11	2022	3	9	6
	183	419	45.750000	-14.750000	1.000885e+05	1.416564e+04	2022	3	9	6
	180	421	45.000000	-15.250000	9.995244e+04	1.237040e+04	2022	3	9	12
	176	421	44.000000	-15.250000	1.000269e+05	2.898830e+04	2022	3	9	18
	174	421	43.500000	-15.250000	9.946762e+04	9.456218e+03	2022	3	10	0
	170	423	42.500000	-15.750000	9.947312e+04	0.000000e+00	2022	3	10	6
	168	423	42.000000	-15.750000	9.915669e+04	0.000000e+00	2022	3	10	12
	165	424	41.250000	-16.000000	9.916538e+04	0.000000e+00	2022	3	10	18
	161	423	40.250000	-15.750000	9.879062e+04	0.000000e+00	2022	3	11	0
	159	422	39.750000	-15.500000	9.953375e+04	1.961888e+01	2022	3	11	6
	156	421	39.000000	-15.250000	9.953500e+04	2.011052e+04	2022	3	11	12
	153	420	38.250000	-15.000000	9.993350e+04	1.562739e+04	2022	3	11	18
start	10	2022	3	13	6
	421	409	105.250000	-12.250000	1.001731e+05	8.633154e+02	2022	3	13	6
	418	414	104.500000	-13.500000	1.002096e+05	1.869070e+03	2022	3	13	12
	412	416	103.000000	-14.000000	1.000096e+05	5.788175e+02	2022	3	13	18
	407	419	101.750000	-14.750000	9.985256e+04	2.805704e+03	2022	3	14	0
	402	422	100.500000	-15.500000	9.994662e+04	5.199120e+02	2022	3	14	6
	398	425	99.500000	-16.250000	9.993706e+04	1.108570e+03	2022	3	14	12
	394	426	98.500000	-16.500000	9.997331e+04	6.891496e+03	2022	3	14	18
	391	427	97.750000	-16.750000	9.995481e+04	1.768584e+02	2022	3	15	0
	388	428	97.000000	-17.000000	9.989862e+04	1.471725e+01	2022	3	15	6
	384	430	96.000000	-17.500000	9.955906e+04	5.249001e+02	2022	3	15	12
start	30	2022	3	23	18
	305	410	76.250000	-12.500000	1.000918e+05	7.857803e+03	2022	3	23	18
	302	412	75.500000	-13.000000	9.979975e+04	5.930139e+03	2022	3	24	0
	302	411	75.500000	-12.750000	9.978125e+04	1.304737e+03	2022	3	24	6
	298	412	74.500000	-13.000000	9.939281e+04	0.000000e+00	2022	3	24	18
	295	413	73.750000	-13.250000	9.879169e+04	0.000000e+00	2022	3	25	0
	294	415	73.500000	-13.750000	9.893875e+04	0.000000e+00	2022	3	25	6
	293	416	73.250000	-14.000000	9.881819e+04	0.000000e+00	2022	3	25	12
	293	418	73.250000	-14.500000	9.903462e+04	0.000000e+00	2022	3	25	18
	294	421	73.500000	-15.250000	9.895894e+04	0.000000e+00	2022	3	26	0
	295	425	73.750000	-16.250000	9.928825e+04	4.708800e+02	2022	3	26	6
	298	429	74.500000	-17.250000	9.916938e+04	6.484410e+03	2022	3	26	12
	300	434	75.000000	-18.500000	9.943225e+04	5.836950e+03	2022	3	26	18
	303	438	75.750000	-19.500000	9.925275e+04	4.326210e+03	2022	3	27	0
	306	441	76.500000	-20.250000	9.947162e+04	5.454365e+03	2022	3	27	6
	315	446	78.750000	-21.500000	9.921600e+04	4.649936e+03	2022	3	27	18
	319	448	79.750000	-22.000000	9.910650e+04	5.316998e+03	2022	3	28	0
	322	450	80.500000	-22.500000	9.916431e+04	4.542037e+03	2022	3	28	6
	324	450	81.000000	-22.500000	9.878794e+04	6.062643e+03	2022	3	28	12
	326	449	81.500000	-22.250000	9.906719e+04	3.325638e+03	2022	3	28	18
	329	448	82.250000	-22.000000	9.902069e+04	2.629084e+03	2022	3	29	0
	328	446	82.000000	-21.500000	9.927144e+04	2.702655e+03	2022	3	29	6
	330	445	82.500000	-21.250000	9.916344e+04	2.992053e+03	2022	3	29	12
	328	444	82.000000	-21.000000	9.932894e+04	2.845010e+03	2022	3	29	18
	328	440	82.000000	-20.000000	9.925719e+04	6.450060e+03	2022	3	30	0
	329	439	82.250000	-19.750000	9.924625e+04	5.827086e+03	2022	3	30	6
	329	438	82.250000	-19.500000	9.936581e+04	5.964454e+03	2022	3	30	12
	330	437	82.500000	-19.250000	9.955762e+04	5.680013e+03	2022	3	30	18
	332	438	83.000000	-19.500000	9.942050e+04	7.642116e+03	2022	3	31	0
	334	437	83.500000	-19.250000	9.948150e+04	4.160167e+03	2022	3	31	6
	336	438	84.000000	-19.500000	9.946338e+04	4.763354e+03	2022	3	31	12
start	10	2022	4	4	18
	644	430	161.000000	-17.500000	9.985056e+04	0.000000e+00	2022	4	4	18
	643	431	160.750000	-17.750000	9.979862e+04	0.000000e+00	2022	4	5	0
	644	433	161.000000	-18.250000	9.939044e+04	0.000000e+00	2022	4	5	6
	646	433	161.500000	-18.250000	9.946788e+04	0.000000e+00	2022	4	5	12
	648	436	162.000000	-19.000000	9.893556e+04	0.000000e+00	2022	4	5	18
	648	437	162.000000	-19.250000	9.906838e+04	0.000000e+00	2022	4	6	0
	651	440	162.750000	-20.000000	9.893038e+04	0.000000e+00	2022	4	6	6
	654	444	163.500000	-21.000000	9.918744e+04	0.000000e+00	2022	4	6	12
	656	447	164.000000	-21.750000	9.898225e+04	0.000000e+00	2022	4	6	18
	661	459	165.250000	-24.750000	9.938319e+04	0.000000e+00	2022	4	7	18
start	15	2022	4	5	6
	1209	177	302.250000	45.750000	9.836519e+04	0.000000e+00	2022	4	5	6
	1230	174	307.500000	46.500000	9.867962e+04	0.000000e+00	2022	4	5	12
	1242	161	310.500000	49.750000	9.841762e+04	0.000000e+00	2022	4	6	6
	1250	162	312.500000	49.500000	9.837769e+04	0.000000e+00	2022	4	6	12
	1254	162	313.500000	49.500000	9.848400e+04	0.000000e+00	2022	4	6	18
	1257	164	314.250000	49.000000	9.877956e+04	0.000000e+00	2022	4	7	0
	1265	166	316.250000	48.500000	9.887925e+04	0.000000e+00	2022	4	7	6
	1274	166	318.500000	48.500000	9.911725e+04	0.000000e+00	2022	4	7	12
	1279	165	319.750000	48.750000	9.927019e+04	0.000000e+00	2022	4	7	18
	1283	166	320.750000	48.500000	9.955650e+04	0.000000e+00	2022	4	8	0
	1305	188	326.250000	43.000000	9.673131e+04	0.000000e+00	2022	4	8	18
	1320	173	330.000000	46.750000	9.593244e+04	0.000000e+00	2022	4	9	6
	1322	171	330.500000	47.250000	9.609544e+04	0.000000e+00	2022	4	9	12
	1327	171	331.750000	47.250000	9.619250e+04	0.000000e+00	2022	4	9	18
	1333	171	333.250000	47.250000	9.646769e+04	0.000000e+00	2022	4	10	0
start	22	2022	4	11	0
	546	310	136.500000	12.500000	9.924919e+04	5.395483e+02	2022	4	11	0
	545	307	136.250000	13.250000	9.879412e+04	1.962000e+01	2022	4	11	6
	544	304	136.000000	14.000000	9.885025e+04	0.000000e+00	2022	4	11	12
	542	300	135.500000	15.000000	9.837081e+04	2.452584e+01	2022	4	11	18
	541	297	135.250000	15.750000	9.840700e+04	7.259406e+02	2022	4	12	0
	540	295	135.000000	16.250000	9.797575e+04	1.432260e+03	2022	4	12	6
	541	295	135.250000	16.250000	9.785550e+04	1.098720e+03	2022	4	12	12
	544	292	136.000000	17.000000	9.732856e+04	1.079100e+03	2022	4	12	18
	546	290	136.500000	17.500000	9.759150e+04	3.355020e+03	2022	4	13	0
	548	288	137.000000	18.000000	9.716169e+04	2.565315e+03	2022	4	13	6
	550	285	137.500000	18.750000	9.708712e+04	3.462930e+03	2022	4	13	12
	550	280	137.500000	20.000000	9.696200e+04	2.324970e+03	2022	4	13	18
	551	277	137.750000	20.750000	9.741919e+04	2.099339e+03	2022	4	14	0
	553	272	138.250000	22.000000	9.711825e+04	1.863900e+03	2022	4	14	6
	555	268	138.750000	23.000000	9.719306e+04	1.363589e+03	2022	4	14	12
	559	262	139.750000	24.500000	9.692638e+04	1.000620e+03	2022	4	14	18
	563	255	140.750000	26.250000	9.697481e+04	7.848000e+02	2022	4	15	0
	568	247	142.000000	28.250000	9.681112e+04	6.670800e+02	2022	4	15	6
	575	240	143.750000	30.000000	9.708125e+04	1.157582e+03	2022	4	15	12
	585	232	146.250000	32.000000	9.708562e+04	3.080340e+03	2022	4	15	18
	597	223	149.250000	34.250000	9.753606e+04	5.473980e+03	2022	4	16	0
	613	210	153.250000	37.500000	9.763662e+04	0.000000e+00	2022	4	16	6
start	10	2022	4	12	18
	710	503	177.500000	-35.750000	9.863856e+04	0.000000e+00	2022	4	12	18
	713	506	178.250000	-36.500000	9.875075e+04	0.000000e+00	2022	4	13	0
	719	511	179.750000	-37.750000	9.878719e+04	0.000000e+00	2022	4	13	6
	725	516	181.250000	-39.000000	9.897412e+04	0.000000e+00	2022	4	13	12
	730	522	182.500000	-40.500000	9.908150e+04	0.000000e+00	2022	4	13	18
	736	524	184.000000	-41.000000	9.933344e+04	0.000000e+00	2022	4	14	0
	744	527	186.000000	-41.750000	9.945825e+04	0.000000e+00	2022	4	14	6
	753	529	188.250000	-42.250000	9.972731e+04	0.000000e+00	2022	4	14	12
	764	532	191.000000	-43.000000	9.981588e+04	0.000000e+00	2022	4	14	18
	776	534	194.000000	-43.500000	9.990006e+04	0.000000e+00	2022	4	15	0
start	10	2022	4	23	18
	161	426	40.250000	-16.500000	1.001411e+05	0.000000e+00	2022	4	23	18
	160	428	40.000000	-17.000000	9.968281e+04	0.000000e+00	2022	4	24	0
	159	430	39.750000	-17.500000	9.981656e+04	0.000000e+00	2022	4	24	6
	160	433	40.000000	-18.250000	9.970262e+04	0.000000e+00	2022	4	24	12
	159	437	39.750000	-19.250000	9.991962e+04	0.000000e+00	2022	4	24	18
	159	439	39.750000	-19.750000	9.973494e+04	0.000000e+00	2022	4	25	0
	162	445	40.500000	-21.250000	1.000250e+05	1.625512e+04	2022	4	25	12
	164	448	41.000000	-22.000000	1.002613e+05	9.790385e+03	2022	4	25	18
	166	450	41.500000	-22.500000	9.999288e+04	8.843710e+03	2022	4	26	0
	178	454	44.500000	-23.500000	1.004396e+05	9.290104e+03	2022	4	26	18
start	16	2022	5	7	6
	359	393	89.750000	-8.250000	9.968281e+04	0.000000e+00	2022	5	7	6
	360	395	90.000000	-8.750000	9.942006e+04	0.000000e+00	2022	5	7	12
	361	398	90.250000	-9.500000	9.942069e+04	0.000000e+00	2022	5	7	18
	359	400	89.750000	-10.000000	9.899625e+04	0.000000e+00	2022	5	8	0
	358	400	89.500000	-10.000000	9.881000e+04	0.000000e+00	2022	5	8	6
	361	402	90.250000	-10.500000	9.851450e+04	0.000000e+00	2022	5	8	12
	363	405	90.750000	-11.250000	9.843331e+04	0.000000e+00	2022	5	8	18
	363	408	90.750000	-12.000000	9.817475e+04	0.000000e+00	2022	5	9	0
	363	410	90.750000	-12.500000	9.808788e+04	0.000000e+00	2022	5	9	6
	363	414	90.750000	-13.500000	9.802238e+04	0.000000e+00	2022	5	9	12
	364	416	91.000000	-14.000000	9.824481e+04	0.000000e+00	2022	5	9	18
	366	421	91.500000	-15.250000	9.808206e+04	0.000000e+00	2022	5	10	0
	368	427	92.000000	-16.750000	9.808825e+04	0.000000e+00	2022	5	10	6
	370	431	92.500000	-17.750000	9.829781e+04	0.000000e+00	2022	5	10	12
	372	436	93.000000	-19.000000	9.848631e+04	0.000000e+00	2022	5	10	18
	376	438	94.000000	-19.500000	9.905588e+04	4.414725e+01	2022	5	11	0
start	11	2022	5	7	18
	360	317	90.000000	10.750000	9.963894e+04	0.000000e+00	2022	5	7	18
	350	310	87.500000	12.500000	9.890750e+04	0.000000e+00	2022	5	8	12
	347	307	86.750000	13.250000	9.886006e+04	0.000000e+00	2022	5	8	18
	344	306	86.000000	13.500000	9.836825e+04	0.000000e+00	2022	5	9	0
	342	304	85.500000	14.000000	9.777212e+04	0.000000e+00	2022	5	9	6
	339	302	84.750000	14.500000	9.799338e+04	0.000000e+00	2022	5	9	12
	335	303	83.750000	14.250000	9.754056e+04	0.000000e+00	2022	5	9	18
	334	302	83.500000	14.500000	9.737131e+04	0.000000e+00	2022	5	10	0
	331	301	82.750000	14.750000	9.808800e+04	0.000000e+00	2022	5	10	6
	329	300	82.250000	15.000000	9.823531e+04	0.000000e+00	2022	5	10	12
	327	299	81.750000	15.250000	9.849531e+04	0.000000e+00	2022	5	10	18
start	14	2022	6	15	18
	1026	298	256.500000	15.500000	1.001032e+05	0.000000e+00	2022	6	15	18
	1028	297	257.000000	15.750000	9.973094e+04	0.000000e+00	2022	6	16	0
	1026	296	256.500000	16.000000	9.996194e+04	0.000000e+00	2022	6	16	6
	1023	296	255.750000	16.000000	9.965169e+04	0.000000e+00	2022	6	16	12
	1019	295	254.750000	16.250000	9.964938e+04	0.000000e+00	2022	6	16	18
	1015	293	253.750000	16.750000	9.942762e+04	0.000000e+00	2022	6	17	0
	1012	292	253.000000	17.000000	9.932738e+04	0.000000e+00	2022	6	17	6
	1007	290	251.750000	17.500000	9.917931e+04	0.000000e+00	2022	6	17	12
	1003	290	250.750000	17.500000	9.942275e+04	0.000000e+00	2022	6	17	18
	1000	289	250.000000	17.750000	9.943119e+04	0.000000e+00	2022	6	18	0
	998	288	249.500000	18.000000	9.981481e+04	0.000000e+00	2022	6	18	6
	996	288	249.000000	18.000000	9.970456e+04	0.000000e+00	2022	6	18	12
	993	284	248.250000	19.000000	9.985675e+04	0.000000e+00	2022	6	19	0
	991	283	247.750000	19.250000	1.001844e+05	0.000000e+00	2022	6	19	6
start	18	2022	6	22	18
	1025	306	256.250000	13.500000	1.003489e+05	0.000000e+00	2022	6	22	18
	1022	299	255.500000	15.250000	1.002378e+05	0.000000e+00	2022	6	23	6
	1013	294	253.250000	16.500000	1.000725e+05	0.000000e+00	2022	6	23	18
	1010	294	252.500000	16.500000	9.986675e+04	0.000000e+00	2022	6	24	0
	1007	291	251.750000	17.250000	9.989669e+04	0.000000e+00	2022	6	24	6
	1005	292	251.250000	17.000000	9.972662e+04	0.000000e+00	2022	6	24	12
	1004	292	251.000000	17.000000	9.975850e+04	0.000000e+00	2022	6	24	18
	1004	290	251.000000	17.500000	9.954344e+04	0.000000e+00	2022	6	25	0
	1002	288	250.500000	18.000000	9.968888e+04	0.000000e+00	2022	6	25	6
	998	285	249.500000	18.750000	9.963806e+04	0.000000e+00	2022	6	25	12
	994	286	248.500000	18.500000	9.975869e+04	0.000000e+00	2022	6	25	18
	992	284	248.000000	19.000000	9.961888e+04	0.000000e+00	2022	6	26	0
	990	283	247.500000	19.250000	9.990125e+04	0.000000e+00	2022	6	26	6
	986	283	246.500000	19.250000	9.977175e+04	0.000000e+00	2022	6	26	12
	983	283	245.750000	19.250000	1.000362e+05	0.000000e+00	2022	6	26	18
	981	282	245.250000	19.500000	9.986269e+04	0.000000e+00	2022	6	27	0
	978	280	244.500000	20.000000	1.001739e+05	0.000000e+00	2022	6	27	6
	975	279	243.750000	20.250000	1.000741e+05	0.000000e+00	2022	6	27	12
start	11	2022	6	30	0
	462	296	115.500000	16.000000	9.953038e+04	0.000000e+00	2022	6	30	0
	460	294	115.000000	16.500000	9.928275e+04	0.000000e+00	2022	6	30	6
	459	293	114.750000	16.750000	9.906712e+04	0.000000e+00	2022	6	30	12
	459	288	114.750000	18.000000	9.898219e+04	0.000000e+00	2022	6	30	18
	456	286	114.000000	18.500000	9.892069e+04	0.000000e+00	2022	7	1	0
	454	282	113.500000	19.500000	9.861806e+04	0.000000e+00	2022	7	1	6
	450	282	112.500000	19.500000	9.836406e+04	0.000000e+00	2022	7	1	12
	449	280	112.250000	20.000000	9.813938e+04	0.000000e+00	2022	7	1	18
	447	277	111.750000	20.750000	9.809294e+04	0.000000e+00	2022	7	2	0
	444	274	111.000000	21.500000	9.817581e+04	0.000000e+00	2022	7	2	6
	442	272	110.500000	22.000000	9.855312e+04	0.000000e+00	2022	7	2	12
start	21	2022	7	3	6
	1080	313	270.000000	11.750000	1.006008e+05	0.000000e+00	2022	7	3	6
	1073	313	268.250000	11.750000	1.004791e+05	0.000000e+00	2022	7	3	12
	1067	311	266.750000	12.250000	1.005004e+05	0.000000e+00	2022	7	3	18
	1061	308	265.250000	13.000000	1.003203e+05	0.000000e+00	2022	7	4	0
	1054	306	263.500000	13.500000	1.002834e+05	0.000000e+00	2022	7	4	6
	1047	304	261.750000	14.000000	1.000288e+05	0.000000e+00	2022	7	4	12
	1040	303	260.000000	14.250000	1.000994e+05	0.000000e+00	2022	7	4	18
	1036	302	259.000000	14.500000	1.000612e+05	0.000000e+00	2022	7	5	0
	1030	300	257.500000	15.000000	1.003449e+05	0.000000e+00	2022	7	5	6
	1025	298	256.250000	15.500000	9.998219e+04	0.000000e+00	2022	7	5	12
	1019	297	254.750000	15.750000	1.001558e+05	0.000000e+00	2022	7	5	18
	1015	297	253.750000	15.750000	9.986312e+04	0.000000e+00	2022	7	6	0
	1010	296	252.500000	16.000000	1.001956e+05	0.000000e+00	2022	7	6	6
	1006	296	251.500000	16.000000	9.990750e+04	0.000000e+00	2022	7	6	12
	1002	295	250.500000	16.250000	9.998238e+04	0.000000e+00	2022	7	6	18
	997	294	249.250000	16.500000	9.977669e+04	0.000000e+00	2022	7	7	0
	992	293	248.000000	16.750000	9.993206e+04	0.000000e+00	2022	7	7	6
	987	292	246.750000	17.000000	9.961225e+04	0.000000e+00	2022	7	7	12
	982	290	245.500000	17.500000	9.974556e+04	0.000000e+00	2022	7	7	18
	976	289	244.000000	17.750000	9.964450e+04	0.000000e+00	2022	7	8	0
	970	288	242.500000	18.000000	1.000319e+05	0.000000e+00	2022	7	8	6
start	23	2022	7	15	6
	1041	314	260.250000	11.500000	1.009228e+05	0.000000e+00	2022	7	15	6
	1035	310	258.750000	12.500000	1.007721e+05	0.000000e+00	2022	7	15	18
	1033	308	258.250000	13.000000	1.006624e+05	0.000000e+00	2022	7	16	0
	1029	306	257.250000	13.500000	1.007331e+05	0.000000e+00	2022	7	16	6
	1026	304	256.500000	14.000000	1.004344e+05	0.000000e+00	2022	7	16	12
	1023	303	255.750000	14.250000	1.004289e+05	0.000000e+00	2022	7	16	18
	1021	301	255.250000	14.750000	1.000751e+05	0.000000e+00	2022	7	17	0
	1018	298	254.500000	15.500000	1.001209e+05	0.000000e+00	2022	7	17	6
	1014	296	253.500000	16.000000	9.981931e+04	0.000000e+00	2022	7	17	12
	1009	295	252.250000	16.250000	9.981794e+04	0.000000e+00	2022	7	17	18
	1006	293	251.500000	16.750000	9.957775e+04	0.000000e+00	2022	7	18	0
	1002	290	250.500000	17.500000	9.976544e+04	0.000000e+00	2022	7	18	6
	997	289	249.250000	17.750000	9.944262e+04	0.000000e+00	2022	7	18	12
	991	288	247.750000	18.000000	9.948656e+04	0.000000e+00	2022	7	18	18
	986	287	246.500000	18.250000	9.954644e+04	0.000000e+00	2022	7	19	0
	983	286	245.750000	18.500000	9.983425e+04	0.000000e+00	2022	7	19	6
	979	284	244.750000	19.000000	9.969138e+04	0.000000e+00	2022	7	19	12
	975	282	243.750000	19.500000	9.963550e+04	0.000000e+00	2022	7	19	18
	969	280	242.250000	20.000000	9.947825e+04	0.000000e+00	2022	7	20	0
	964	279	241.000000	20.250000	9.980462e+04	0.000000e+00	2022	7	20	6
	959	276	239.750000	21.000000	9.983256e+04	0.000000e+00	2022	7	20	12
	954	275	238.500000	21.250000	1.002201e+05	0.000000e+00	2022	7	20	18
	949	273	237.250000	21.750000	1.002188e+05	0.000000e+00	2022	7	21	0
start	10	2022	7	28	6
	375	400	93.750000	-10.000000	1.001910e+05	0.000000e+00	2022	7	28	6
	379	399	94.750000	-9.750000	1.001417e+05	0.000000e+00	2022	7	28	12
	379	404	94.750000	-11.000000	1.000956e+05	0.000000e+00	2022	7	28	18
	379	406	94.750000	-11.500000	9.968781e+04	0.000000e+00	2022	7	29	0
	377	409	94.250000	-12.250000	9.929350e+04	0.000000e+00	2022	7	29	6
	377	410	94.250000	-12.500000	9.948838e+04	0.000000e+00	2022	7	29	12
	375	412	93.750000	-13.000000	9.985638e+04	0.000000e+00	2022	7	29	18
	374	413	93.500000	-13.250000	9.987794e+04	0.000000e+00	2022	7	30	0
	372	414	93.000000	-13.500000	1.000349e+05	3.827477e+02	2022	7	30	6
	371	415	92.750000	-13.750000	1.000068e+05	0.000000e+00	2022	7	30	12
start	22	2022	7	28	12
	1001	307	250.250000	13.250000	1.003924e+05	0.000000e+00	2022	7	28	12
	994	305	248.500000	13.750000	1.000482e+05	0.000000e+00	2022	7	29	6
	989	303	247.250000	14.250000	9.968212e+04	0.000000e+00	2022	7	29	12
	985	302	246.250000	14.500000	9.976012e+04	0.000000e+00	2022	7	29	18
	983	299	245.750000	15.250000	9.941669e+04	0.000000e+00	2022	7	30	0
	980	297	245.000000	15.750000	9.957794e+04	0.000000e+00	2022	7	30	6
	976	294	244.000000	16.500000	9.904356e+04	0.000000e+00	2022	7	30	12
	972	292	243.000000	17.000000	9.903406e+04	0.000000e+00	2022	7	30	18
	969	290	242.250000	17.500000	9.887688e+04	0.000000e+00	2022	7	31	0
	966	288	241.500000	18.000000	9.910538e+04	0.000000e+00	2022	7	31	6
	964	284	241.000000	19.000000	9.869975e+04	0.000000e+00	2022	7	31	12
	960	281	240.000000	19.750000	9.884350e+04	0.000000e+00	2022	7	31	18
	956	278	239.000000	20.500000	9.883112e+04	0.000000e+00	2022	8	1	0
	954	275	238.500000	21.250000	9.915469e+04	0.000000e+00	2022	8	1	6
	951	273	237.750000	21.750000	9.922906e+04	0.000000e+00	2022	8	1	12
	948	271	237.000000	22.250000	9.963594e+04	0.000000e+00	2022	8	1	18
	945	268	236.250000	23.000000	9.971281e+04	0.000000e+00	2022	8	2	0
	942	266	235.500000	23.500000	1.000857e+05	0.000000e+00	2022	8	2	6
	939	262	234.750000	24.500000	1.001552e+05	0.000000e+00	2022	8	2	12
	937	259	234.250000	25.250000	1.004666e+05	0.000000e+00	2022	8	2	18
	935	256	233.750000	26.000000	1.004538e+05	0.000000e+00	2022	8	3	0
	932	252	233.000000	27.000000	1.007142e+05	0.000000e+00	2022	8	3	6
start	14	2022	8	19	0
	359	277	89.750000	20.750000	9.925019e+04	0.000000e+00	2022	8	19	0
	353	273	88.250000	21.750000	9.898762e+04	0.000000e+00	2022	8	19	12
	350	270	87.500000	22.500000	9.934281e+04	0.000000e+00	2022	8	19	18
	344	270	86.000000	22.500000	9.923406e+04	0.000000e+00	2022	8	20	0
	340	269	85.000000	22.750000	9.950662e+04	0.000000e+00	2022	8	20	6
	336	265	84.000000	23.750000	9.930381e+04	0.000000e+00	2022	8	20	12
	334	264	83.500000	24.000000	9.942462e+04	0.000000e+00	2022	8	20	18
	326	264	81.500000	24.000000	9.947462e+04	0.000000e+00	2022	8	21	6
	323	264	80.750000	24.000000	9.926175e+04	0.000000e+00	2022	8	21	12
	318	265	79.500000	23.750000	9.935375e+04	0.000000e+00	2022	8	21	18
	317	265	79.250000	23.750000	9.916988e+04	0.000000e+00	2022	8	22	0
	316	264	79.000000	24.000000	9.946275e+04	0.000000e+00	2022	8	22	6
	315	261	78.750000	24.750000	9.927694e+04	0.000000e+00	2022	8	22	12
	308	262	77.000000	24.500000	9.957112e+04	0.000000e+00	2022	8	22	18
start	15	2022	8	22	0
	606	263	151.500000	24.250000	1.004214e+05	3.325582e+03	2022	8	22	0
	606	258	151.500000	25.500000	1.002445e+05	2.290658e+03	2022	8	22	6
	605	254	151.250000	26.500000	1.003549e+05	4.649954e+03	2022	8	22	12
	603	250	150.750000	27.500000	1.001646e+05	3.806278e+03	2022	8	22	18
	601	244	150.250000	29.000000	1.002311e+05	2.697751e+03	2022	8	23	0
	598	239	149.500000	30.250000	1.000838e+05	2.972430e+03	2022	8	23	6
	596	234	149.000000	31.500000	9.998488e+04	5.115903e+03	2022	8	23	12
	594	229	148.500000	32.750000	9.974875e+04	5.640750e+03	2022	8	23	18
	594	224	148.500000	34.000000	9.976288e+04	5.454360e+03	2022	8	24	0
	595	219	148.750000	35.250000	9.953206e+04	8.063820e+03	2022	8	24	6
	597	215	149.250000	36.250000	9.947819e+04	9.044820e+03	2022	8	24	12
	600	210	150.000000	37.500000	9.933650e+04	0.000000e+00	2022	8	24	18
	605	204	151.250000	39.000000	9.942156e+04	0.000000e+00	2022	8	25	0
	611	197	152.750000	40.750000	9.943231e+04	0.000000e+00	2022	8	25	6
	630	181	157.500000	44.750000	9.970094e+04	0.000000e+00	2022	8	25	18
start	12	2022	8	22	6
	496	294	124.000000	16.500000	9.960600e+04	1.157665e+03	2022	8	22	6
	491	291	122.750000	17.250000	9.942681e+04	1.569596e+03	2022	8	23	0
	486	287	121.500000	18.250000	9.937000e+04	0.000000e+00	2022	8	23	6
	481	285	120.250000	18.750000	9.936838e+04	0.000000e+00	2022	8	23	12
	475	284	118.750000	19.000000	9.913500e+04	0.000000e+00	2022	8	23	18
	471	283	117.750000	19.250000	9.914538e+04	0.000000e+00	2022	8	24	0
	466	279	116.500000	20.250000	9.891231e+04	0.000000e+00	2022	8	24	6
	458	279	114.500000	20.250000	9.901044e+04	0.000000e+00	2022	8	24	12
	454	277	113.500000	20.750000	9.893500e+04	0.000000e+00	2022	8	24	18
	448	275	112.000000	21.250000	9.905231e+04	0.000000e+00	2022	8	25	0
	440	273	110.000000	21.750000	9.931731e+04	0.000000e+00	2022	8	25	6
	423	273	105.750000	21.750000	9.971594e+04	0.000000e+00	2022	8	25	18
start	38	2022	8	28	6
	597	256	149.250000	26.000000	1.007800e+05	2.933185e+03	2022	8	28	6
	592	252	148.000000	27.000000	1.008186e+05	3.041098e+03	2022	8	28	12
	585	251	146.250000	27.250000	1.005414e+05	2.118959e+03	2022	8	28	18
	580	251	145.000000	27.250000	1.005427e+05	2.344590e+03	2022	8	29	0
	572	250	143.000000	27.500000	1.002719e+05	1.025144e+03	2022	8	29	6
	564	251	141.000000	27.250000	1.002081e+05	5.297395e+02	2022	8	29	12
	556	252	139.000000	27.000000	9.991619e+04	5.493600e+02	2022	8	29	18
	548	253	137.000000	26.750000	9.998762e+04	9.613801e+02	2022	8	30	0
	541	254	135.250000	26.500000	9.973188e+04	1.873709e+03	2022	8	30	6
	535	255	133.750000	26.250000	9.938581e+04	3.688556e+03	2022	8	30	12
	528	255	132.000000	26.250000	9.899788e+04	8.711278e+03	2022	8	30	18
	521	256	130.250000	26.000000	9.898606e+04	8.024610e+03	2022	8	31	0
	516	259	129.000000	25.250000	9.865606e+04	7.838218e+03	2022	8	31	6
	511	262	127.750000	24.500000	9.848288e+04	5.415143e+03	2022	8	31	12
	506	266	126.500000	23.500000	9.825762e+04	4.002489e+03	2022	8	31	18
	504	269	126.000000	22.750000	9.832556e+04	4.061341e+03	2022	9	1	0
	502	272	125.500000	22.000000	9.823919e+04	4.031909e+03	2022	9	1	6
	502	275	125.500000	21.250000	9.810281e+04	2.982240e+03	2022	9	1	12
	502	273	125.500000	21.750000	9.778312e+04	3.256913e+03	2022	9	1	18
	501	273	125.250000	21.750000	9.787806e+04	3.355024e+03	2022	9	2	0
	499	272	124.750000	22.000000	9.753800e+04	3.649318e+03	2022	9	2	6
	500	271	125.000000	22.250000	9.773481e+04	3.394260e+03	2022	9	2	12
	499	269	124.750000	22.750000	9.754119e+04	3.198069e+03	2022	9	2	18
	499	268	124.750000	23.000000	9.747638e+04	3.325596e+03	2022	9	3	0
	499	265	124.750000	23.750000	9.721125e+04	4.061339e+03	2022	9	3	6
	499	262	124.750000	24.500000	9.689412e+04	5.061960e+03	2022	9	3	12
	498	259	124.500000	25.250000	9.675125e+04	4.875580e+03	2022	9	3	18
	498	256	124.500000	26.000000	9.679925e+04	4.748035e+03	2022	9	4	0
	498	252	124.500000	27.000000	9.641288e+04	4.527294e+03	2022	9	4	6
	498	250	124.500000	27.500000	9.643788e+04	4.581251e+03	2022	9	4	12
	498	245	124.500000	28.750000	9.631750e+04	2.982240e+03	2022	9	4	18
	499	242	124.750000	29.500000	9.651250e+04	3.129387e+03	2022	9	5	0
	502	237	125.500000	30.750000	9.642800e+04	1.942380e+03	2022	9	5	6
	507	231	126.750000	32.250000	9.672794e+04	1.765620e+02	2022	9	5	12
	512	223	128.000000	34.250000	9.712731e+04	0.000000e+00	2022	9	5	18
	521	214	130.250000	36.500000	9.811800e+04	0.000000e+00	2022	9	6	0
	533	202	133.250000	39.500000	9.824488e+04	0.000000e+00	2022	9	6	6
	544	186	136.000000	43.500000	9.836956e+04	0.000000e+00	2022	9	6	12
start	33	2022	9	2	0
	1264	208	316.000000	38.000000	1.009396e+05	0.000000e+00	2022	9	2	0
	1265	208	316.250000	38.000000	1.006578e+05	0.000000e+00	2022	9	2	6
	1266	208	316.500000	38.000000	1.005598e+05	0.000000e+00	2022	9	2	12
	1266	208	316.500000	38.000000	1.003489e+05	0.000000e+00	2022	9	2	18
	1266	208	316.500000	38.000000	1.002576e+05	0.000000e+00	2022	9	3	0
	1265	208	316.250000	38.000000	1.000870e+05	0.000000e+00	2022	9	3	6
	1263	208	315.750000	38.000000	9.994038e+04	0.000000e+00	2022	9	3	12
	1261	208	315.250000	38.000000	9.971500e+04	0.000000e+00	2022	9	3	18
	1260	208	315.000000	38.000000	9.952525e+04	0.000000e+00	2022	9	4	0
	1258	208	314.500000	38.000000	9.933738e+04	0.000000e+00	2022	9	4	6
	1258	208	314.500000	38.000000	9.935538e+04	0.000000e+00	2022	9	4	12
	1259	207	314.750000	38.250000	9.909800e+04	0.000000e+00	2022	9	4	18
	1260	206	315.000000	38.500000	9.886250e+04	0.000000e+00	2022	9	5	0
	1261	203	315.250000	39.250000	9.856850e+04	0.000000e+00	2022	9	5	6
	1263	201	315.750000	39.750000	9.854394e+04	0.000000e+00	2022	9	5	12
	1265	197	316.250000	40.750000	9.835131e+04	0.000000e+00	2022	9	5	18
	1268	195	317.000000	41.250000	9.816100e+04	0.000000e+00	2022	9	6	0
	1270	193	317.500000	41.750000	9.779712e+04	0.000000e+00	2022	9	6	6
	1272	192	318.000000	42.000000	9.771906e+04	0.000000e+00	2022	9	6	12
	1276	191	319.000000	42.250000	9.761900e+04	0.000000e+00	2022	9	6	18
	1280	191	320.000000	42.250000	9.742725e+04	0.000000e+00	2022	9	7	0
	1285	188	321.250000	43.000000	9.731694e+04	0.000000e+00	2022	9	7	6
	1291	186	322.750000	43.500000	9.725319e+04	0.000000e+00	2022	9	7	12
	1297	183	324.250000	44.250000	9.709462e+04	0.000000e+00	2022	9	7	18
	1304	179	326.000000	45.250000	9.726119e+04	0.000000e+00	2022	9	8	0
	1311	175	327.750000	46.250000	9.719075e+04	0.000000e+00	2022	9	8	6
	1315	171	328.750000	47.250000	9.729300e+04	0.000000e+00	2022	9	8	12
	1317	166	329.250000	48.500000	9.726850e+04	0.000000e+00	2022	9	8	18
	1317	161	329.250000	49.750000	9.752988e+04	0.000000e+00	2022	9	9	0
	1315	156	328.750000	51.000000	9.762562e+04	0.000000e+00	2022	9	9	6
	1307	156	326.750000	51.000000	9.789600e+04	0.000000e+00	2022	9	9	12
	1300	161	325.000000	49.750000	9.818931e+04	0.000000e+00	2022	9	9	18
	1304	169	326.000000	47.750000	9.872700e+04	0.000000e+00	2022	9	10	0
start	21	2022	9	4	18
	1031	300	257.750000	15.000000	1.001778e+05	0.000000e+00	2022	9	4	18
	1026	298	256.500000	15.500000	9.979275e+04	0.000000e+00	2022	9	5	0
	1020	296	255.000000	16.000000	9.968350e+04	0.000000e+00	2022	9	5	6
	1014	299	253.500000	15.250000	9.918269e+04	0.000000e+00	2022	9	5	12
	1012	297	253.000000	15.750000	9.905956e+04	0.000000e+00	2022	9	5	18
	1009	296	252.250000	16.000000	9.874175e+04	0.000000e+00	2022	9	6	0
	1007	292	251.750000	17.000000	9.885188e+04	0.000000e+00	2022	9	6	6
	1002	289	250.500000	17.750000	9.852081e+04	0.000000e+00	2022	9	6	12
	997	286	249.250000	18.500000	9.868825e+04	0.000000e+00	2022	9	6	18
	994	284	248.500000	19.000000	9.836600e+04	0.000000e+00	2022	9	7	0
	992	281	248.000000	19.750000	9.841144e+04	0.000000e+00	2022	9	7	6
	990	277	247.500000	20.750000	9.798319e+04	0.000000e+00	2022	9	7	12
	989	274	247.250000	21.500000	9.820388e+04	0.000000e+00	2022	9	7	18
	988	269	247.000000	22.750000	9.816169e+04	0.000000e+00	2022	9	8	0
	987	265	246.750000	23.750000	9.833775e+04	0.000000e+00	2022	9	8	6
	986	259	246.500000	25.250000	9.843700e+04	0.000000e+00	2022	9	8	12
	984	254	246.000000	26.500000	9.850025e+04	0.000000e+00	2022	9	8	18
	980	248	245.000000	28.000000	9.871288e+04	0.000000e+00	2022	9	9	0
	978	245	244.500000	28.750000	9.907812e+04	0.000000e+00	2022	9	9	6
	975	240	243.750000	30.000000	9.938175e+04	0.000000e+00	2022	9	9	12
	972	237	243.000000	30.750000	9.973806e+04	0.000000e+00	2022	9	9	18
start	36	2022	9	5	0
	1180	279	295.000000	20.250000	1.004920e+05	3.208849e+04	2022	9	5	0
	1180	276	295.000000	21.000000	1.000752e+05	2.501521e+04	2022	9	5	6
	1180	271	295.000000	22.250000	1.000178e+05	2.575124e+04	2022	9	5	18
	1180	270	295.000000	22.500000	1.001555e+05	3.144567e+04	2022	9	6	0
	1179	268	294.750000	23.000000	1.001196e+05	4.034853e+04	2022	9	6	6
	1177	266	294.250000	23.500000	9.997431e+04	3.880836e+04	2022	9	6	12
	1178	264	294.500000	24.000000	9.978825e+04	2.268531e+04	2022	9	6	18
	1177	262	294.250000	24.500000	9.919825e+04	3.545329e+04	2022	9	7	0
	1177	261	294.250000	24.750000	9.906919e+04	2.311246e+04	2022	9	7	6
	1177	258	294.250000	25.500000	9.835119e+04	2.590816e+04	2022	9	7	12
	1177	256	294.250000	26.000000	9.793288e+04	1.669667e+04	2022	9	7	18
	1178	253	294.500000	26.750000	9.712569e+04	1.296900e+04	2022	9	8	0
	1179	249	294.750000	27.750000	9.749175e+04	2.668328e+03	2022	9	8	6
	1179	246	294.750000	28.500000	9.643325e+04	5.169833e+03	2022	9	8	12
	1181	242	295.250000	29.500000	9.706200e+04	2.187622e+03	2022	9	8	18
	1183	237	295.750000	30.750000	9.647612e+04	7.946107e+03	2022	9	9	0
	1187	233	296.750000	31.750000	9.672812e+04	2.001240e+03	2022	9	9	6
	1193	227	298.250000	33.250000	9.650775e+04	8.632800e+02	2022	9	9	12
	1202	220	300.500000	35.000000	9.620231e+04	4.022100e+02	2022	9	9	18
	1211	212	302.750000	37.000000	9.563950e+04	4.905000e+01	2022	9	10	0
	1221	201	305.250000	39.750000	9.489819e+04	0.000000e+00	2022	9	10	6
	1227	191	306.750000	42.250000	9.535075e+04	0.000000e+00	2022	9	10	12
	1228	187	307.000000	43.250000	9.607469e+04	0.000000e+00	2022	9	10	18
	1230	187	307.500000	43.250000	9.673662e+04	0.000000e+00	2022	9	11	0
	1232	185	308.000000	43.750000	9.707488e+04	0.000000e+00	2022	9	11	6
	1233	183	308.250000	44.250000	9.744600e+04	0.000000e+00	2022	9	11	12
	1232	183	308.000000	44.250000	9.759706e+04	0.000000e+00	2022	9	11	18
	1233	183	308.250000	44.250000	9.784656e+04	0.000000e+00	2022	9	12	0
	1232	183	308.000000	44.250000	9.792938e+04	0.000000e+00	2022	9	12	6
	1233	185	308.250000	43.750000	9.820269e+04	0.000000e+00	2022	9	12	12
	1236	187	309.000000	43.250000	9.834950e+04	0.000000e+00	2022	9	12	18
	1244	189	311.000000	42.750000	9.875394e+04	0.000000e+00	2022	9	13	0
	1254	188	313.500000	43.000000	9.878919e+04	0.000000e+00	2022	9	13	6
	1261	185	315.250000	43.750000	9.894300e+04	0.000000e+00	2022	9	13	12
	1266	182	316.500000	44.500000	9.892438e+04	0.000000e+00	2022	9	13	18
	1269	180	317.250000	45.000000	9.903225e+04	0.000000e+00	2022	9	14	0
start	26	2022	9	8	18
	521	288	130.250000	18.000000	1.005582e+05	3.276540e+03	2022	9	8	18
	514	284	128.500000	19.000000	1.002769e+05	4.375260e+03	2022	9	9	6
	505	278	126.250000	20.500000	9.977350e+04	3.394281e+03	2022	9	10	0
	504	276	126.000000	21.000000	9.926444e+04	3.217681e+03	2022	9	10	6
	502	274	125.500000	21.500000	9.914550e+04	2.962620e+03	2022	9	10	12
	500	271	125.000000	22.250000	9.886019e+04	3.394260e+03	2022	9	10	18
	499	269	124.750000	22.750000	9.870162e+04	3.198069e+03	2022	9	11	0
	497	268	124.250000	23.000000	9.787188e+04	3.786649e+03	2022	9	11	6
	497	267	124.250000	23.250000	9.803125e+04	3.668926e+03	2022	9	11	12
	496	265	124.000000	23.750000	9.789406e+04	4.179053e+03	2022	9	11	18
	496	263	124.000000	24.250000	9.799806e+04	5.218919e+03	2022	9	12	0
	496	261	124.000000	24.750000	9.800238e+04	5.101195e+03	2022	9	12	6
	496	260	124.000000	25.000000	9.774419e+04	4.443943e+03	2022	9	12	12
	495	259	123.750000	25.250000	9.806125e+04	5.179678e+03	2022	9	12	18
	495	258	123.750000	25.500000	9.878194e+04	5.150247e+03	2022	9	13	0
	496	256	124.000000	26.000000	9.876219e+04	5.135534e+03	2022	9	13	6
	496	254	124.000000	26.500000	9.880125e+04	4.635239e+03	2022	9	13	12
	494	250	123.500000	27.500000	9.883838e+04	5.846782e+03	2022	9	13	18
	491	248	122.750000	28.000000	9.890225e+04	5.110976e+03	2022	9	14	0
	490	245	122.500000	28.750000	9.848700e+04	5.140468e+03	2022	9	14	6
	489	241	122.250000	29.750000	9.853681e+04	4.336024e+03	2022	9	14	12
	486	235	121.500000	31.250000	9.869400e+04	4.159420e+03	2022	9	14	18
	484	229	121.000000	32.750000	9.900369e+04	2.962629e+03	2022	9	15	0
	481	224	120.250000	34.000000	9.895056e+04	0.000000e+00	2022	9	15	6
	481	220	120.250000	35.000000	9.916550e+04	0.000000e+00	2022	9	15	12
	486	209	121.500000	37.750000	9.943856e+04	0.000000e+00	2022	9	16	0
start	17	2022	9	12	0
	645	275	161.250000	21.250000	1.001503e+05	0.000000e+00	2022	9	12	0
	649	273	162.250000	21.750000	9.989812e+04	0.000000e+00	2022	9	12	6
	653	270	163.250000	22.500000	9.979069e+04	0.000000e+00	2022	9	12	12
	653	267	163.250000	23.250000	9.933500e+04	0.000000e+00	2022	9	12	18
	653	264	163.250000	24.000000	9.935294e+04	0.000000e+00	2022	9	13	0
	652	260	163.000000	25.000000	9.906919e+04	0.000000e+00	2022	9	13	6
	651	256	162.750000	26.000000	9.884950e+04	0.000000e+00	2022	9	13	12
	649	252	162.250000	27.000000	9.846912e+04	0.000000e+00	2022	9	13	18
	648	247	162.000000	28.250000	9.822650e+04	0.000000e+00	2022	9	14	0
	647	240	161.750000	30.000000	9.790425e+04	0.000000e+00	2022	9	14	6
	645	233	161.250000	31.750000	9.786531e+04	0.000000e+00	2022	9	14	12
	649	225	162.250000	33.750000	9.735550e+04	0.000000e+00	2022	9	14	18
	656	213	164.000000	36.750000	9.657044e+04	0.000000e+00	2022	9	15	0
	664	196	166.000000	41.000000	9.584831e+04	0.000000e+00	2022	9	15	6
	671	179	167.750000	45.250000	9.570875e+04	8.634866e+02	2022	9	15	12
	680	168	170.000000	48.000000	9.543394e+04	0.000000e+00	2022	9	15	18
	695	155	173.750000	51.250000	9.507781e+04	0.000000e+00	2022	9	16	0
start	26	2022	9	13	6
	555	272	138.750000	22.000000	9.978344e+04	1.961998e+03	2022	9	13	6
	558	271	139.500000	22.250000	9.988475e+04	2.609458e+03	2022	9	13	12
	559	271	139.750000	22.250000	9.957062e+04	2.452501e+03	2022	9	13	18
	562	270	140.500000	22.500000	9.947400e+04	2.030667e+03	2022	9	14	0
	561	269	140.250000	22.750000	9.914525e+04	1.726558e+03	2022	9	14	6
	562	268	140.500000	23.000000	9.907656e+04	1.363590e+03	2022	9	14	12
	558	267	139.500000	23.250000	9.867975e+04	1.255680e+03	2022	9	14	18
	555	267	138.750000	23.250000	9.864094e+04	1.177200e+03	2022	9	15	0
	551	267	137.750000	23.250000	9.811956e+04	2.099338e+03	2022	9	15	6
	548	266	137.000000	23.500000	9.772075e+04	2.187631e+03	2022	9	15	12
	546	265	136.500000	23.750000	9.713944e+04	2.177819e+03	2022	9	15	18
	544	265	136.000000	23.750000	9.728856e+04	2.835088e+03	2022	9	16	0
	542	263	135.500000	24.250000	9.666931e+04	2.795838e+03	2022	9	16	6
	539	260	134.750000	25.000000	9.677956e+04	3.276549e+03	2022	9	16	12
	534	257	133.500000	25.750000	9.646644e+04	4.767655e+03	2022	9	16	18
	533	256	133.250000	26.000000	9.642312e+04	5.424938e+03	2022	9	17	0
	530	252	132.500000	27.000000	9.606762e+04	7.808814e+03	2022	9	17	6
	527	249	131.750000	27.750000	9.620738e+04	5.199295e+03	2022	9	17	12
	525	245	131.250000	28.750000	9.599069e+04	2.923376e+03	2022	9	17	18
	523	241	130.750000	29.750000	9.573356e+04	1.098718e+03	2022	9	18	0
	522	237	130.500000	30.750000	9.553119e+04	1.069286e+03	2022	9	18	6
	521	232	130.250000	32.000000	9.629256e+04	0.000000e+00	2022	9	18	12
	521	227	130.250000	33.250000	9.676862e+04	0.000000e+00	2022	9	18	18
	524	224	131.000000	34.000000	9.752769e+04	0.000000e+00	2022	9	19	0
	530	218	132.500000	35.500000	9.800594e+04	0.000000e+00	2022	9	19	6
	537	215	134.250000	36.250000	9.861000e+04	0.000000e+00	2022	9	19	12
start	35	2022	9	17	0
	1194	294	298.500000	16.500000	1.004501e+05	4.674465e+03	2022	9	17	0
	1187	295	296.750000	16.250000	1.006186e+05	2.118960e+03	2022	9	17	12
	1184	293	296.000000	16.750000	1.003099e+05	2.109150e+03	2022	9	17	18
	1180	293	295.000000	16.750000	1.001901e+05	2.060100e+03	2022	9	18	0
	1178	293	294.500000	16.750000	9.988269e+04	2.540790e+03	2022	9	18	6
	1176	292	294.000000	17.000000	9.974831e+04	1.991921e+04	2022	9	18	12
	1173	289	293.250000	17.750000	9.981512e+04	3.872988e+04	2022	9	18	18
	1169	288	292.250000	18.000000	9.974419e+04	4.051530e+04	2022	9	19	0
	1166	288	291.500000	18.000000	9.956569e+04	4.113333e+04	2022	9	19	6
	1165	285	291.250000	18.750000	9.984050e+04	3.933810e+04	2022	9	19	12
	1161	282	290.250000	19.500000	9.959394e+04	1.374381e+04	2022	9	19	18
	1160	279	290.000000	20.250000	9.930331e+04	9.191943e+03	2022	9	20	0
	1157	277	289.250000	20.750000	9.904756e+04	0.000000e+00	2022	9	20	6
	1155	274	288.750000	21.500000	9.876500e+04	0.000000e+00	2022	9	20	12
	1153	271	288.250000	22.250000	9.847025e+04	0.000000e+00	2022	9	20	18
	1153	269	288.250000	22.750000	9.809288e+04	0.000000e+00	2022	9	21	0
	1152	266	288.000000	23.500000	9.786906e+04	0.000000e+00	2022	9	21	6
	1153	263	288.250000	24.250000	9.748838e+04	0.000000e+00	2022	9	21	12
	1153	260	288.250000	25.000000	9.728312e+04	0.000000e+00	2022	9	21	18
	1154	256	288.500000	26.000000	9.662425e+04	0.000000e+00	2022	9	22	0
	1156	253	289.000000	26.750000	9.661650e+04	0.000000e+00	2022	9	22	6
	1158	247	289.500000	28.250000	9.622712e+04	6.955345e+03	2022	9	22	12
	1160	242	290.000000	29.500000	9.615012e+04	4.355635e+04	2022	9	22	18
	1164	236	291.000000	31.000000	9.580325e+04	2.007123e+04	2022	9	23	0
	1170	230	292.500000	32.500000	9.594762e+04	4.488075e+03	2022	9	23	6
	1181	223	295.250000	34.250000	9.577712e+04	2.687940e+03	2022	9	23	12
	1192	210	298.000000	37.500000	9.507962e+04	2.369115e+03	2022	9	23	18
	1197	191	299.250000	42.250000	9.399256e+04	0.000000e+00	2022	9	24	0
	1196	180	299.000000	45.000000	9.341925e+04	0.000000e+00	2022	9	24	6
	1195	173	298.750000	46.750000	9.452200e+04	0.000000e+00	2022	9	24	12
	1195	169	298.750000	47.750000	9.551938e+04	0.000000e+00	2022	9	24	18
	1200	165	300.000000	48.750000	9.674525e+04	0.000000e+00	2022	9	25	0
	1208	149	302.000000	52.750000	9.827612e+04	0.000000e+00	2022	9	25	12
	1208	138	302.000000	55.500000	9.843375e+04	0.000000e+00	2022	9	25	18
	1204	131	301.000000	57.250000	9.851381e+04	0.000000e+00	2022	9	26	0
start	10	2022	9	17	18
	1016	297	254.000000	15.750000	1.002552e+05	0.000000e+00	2022	9	17	18
	1015	292	253.750000	17.000000	9.987881e+04	0.000000e+00	2022	9	18	0
	1013	291	253.250000	17.250000	9.998294e+04	0.000000e+00	2022	9	18	6
	1013	287	253.250000	18.250000	9.979431e+04	0.000000e+00	2022	9	18	12
	1010	286	252.500000	18.500000	9.999712e+04	0.000000e+00	2022	9	18	18
	1010	283	252.500000	19.250000	9.967819e+04	0.000000e+00	2022	9	19	0
	1007	280	251.750000	20.000000	9.974019e+04	0.000000e+00	2022	9	19	6
	1004	279	251.000000	20.250000	9.960700e+04	0.000000e+00	2022	9	19	12
	1001	277	250.250000	20.750000	9.982944e+04	0.000000e+00	2022	9	19	18
	999	276	249.750000	21.000000	9.980431e+04	0.000000e+00	2022	9	20	0
start	10	2022	9	22	0
	1284	201	321.000000	39.750000	1.010788e+05	0.000000e+00	2022	9	22	0
	1292	200	323.000000	40.000000	1.009910e+05	0.000000e+00	2022	9	22	6
	1302	197	325.500000	40.750000	1.007509e+05	0.000000e+00	2022	9	22	12
	1309	195	327.250000	41.250000	1.005751e+05	0.000000e+00	2022	9	22	18
	1315	195	328.750000	41.250000	1.004110e+05	0.000000e+00	2022	9	23	0
	1321	196	330.250000	41.000000	1.003751e+05	0.000000e+00	2022	9	23	6
	1323	198	330.750000	40.500000	1.004186e+05	0.000000e+00	2022	9	23	12
	1324	201	331.000000	39.750000	1.003601e+05	0.000000e+00	2022	9	23	18
	1323	203	330.750000	39.250000	1.005688e+05	0.000000e+00	2022	9	24	0
	1321	206	330.250000	38.500000	1.006735e+05	0.000000e+00	2022	9	24	6
start	14	2022	9	24	18
	499	299	124.750000	15.250000	9.972488e+04	5.611968e-04	2022	9	24	18
	490	300	122.500000	15.000000	9.909500e+04	0.000000e+00	2022	9	25	6
	486	299	121.500000	15.250000	9.954612e+04	0.000000e+00	2022	9	25	12
	479	296	119.750000	16.000000	9.970175e+04	0.000000e+00	2022	9	25	18
	475	296	118.750000	16.000000	9.968481e+04	0.000000e+00	2022	9	26	0
	468	296	117.000000	16.000000	9.929712e+04	0.000000e+00	2022	9	26	6
	462	296	115.500000	16.000000	9.901369e+04	0.000000e+00	2022	9	26	12
	454	297	113.500000	15.750000	9.885031e+04	0.000000e+00	2022	9	26	18
	449	298	112.250000	15.500000	9.863794e+04	0.000000e+00	2022	9	27	0
	445	298	111.250000	15.500000	9.837288e+04	0.000000e+00	2022	9	27	6
	441	297	110.250000	15.750000	9.823125e+04	0.000000e+00	2022	9	27	12
	435	297	108.750000	15.750000	9.832944e+04	0.000000e+00	2022	9	27	18
	432	297	108.000000	15.750000	9.920319e+04	0.000000e+00	2022	9	28	0
	426	296	106.500000	16.000000	9.943544e+04	0.000000e+00	2022	9	28	6
start	25	2022	9	24	18
	1138	303	284.500000	14.250000	1.006591e+05	6.876857e+03	2022	9	24	18
	1127	302	281.750000	14.500000	1.005588e+05	0.000000e+00	2022	9	25	6
	1123	299	280.750000	15.250000	1.004494e+05	0.000000e+00	2022	9	25	12
	1120	297	280.000000	15.750000	1.002895e+05	0.000000e+00	2022	9	25	18
	1117	292	279.250000	17.000000	9.993606e+04	0.000000e+00	2022	9	26	0
	1114	289	278.500000	17.750000	9.976625e+04	0.000000e+00	2022	9	26	6
	1110	285	277.500000	18.750000	9.912294e+04	0.000000e+00	2022	9	26	12
	1108	281	277.000000	19.750000	9.913181e+04	0.000000e+00	2022	9	26	18
	1107	277	276.750000	20.750000	9.860669e+04	0.000000e+00	2022	9	27	0
	1105	273	276.250000	21.750000	9.828112e+04	0.000000e+00	2022	9	27	6
	1105	270	276.250000	22.500000	9.845975e+04	0.000000e+00	2022	9	27	12
	1106	266	276.500000	23.500000	9.844219e+04	0.000000e+00	2022	9	27	18
	1108	262	277.000000	24.500000	9.815044e+04	0.000000e+00	2022	9	28	0
	1108	259	277.000000	25.250000	9.829544e+04	0.000000e+00	2022	9	28	6
	1109	256	277.250000	26.000000	9.755306e+04	0.000000e+00	2022	9	28	12
	1110	254	277.500000	26.500000	9.798975e+04	0.000000e+00	2022	9	28	18
	1113	252	278.250000	27.000000	9.871506e+04	0.000000e+00	2022	9	29	0
	1115	249	278.750000	27.750000	9.920356e+04	0.000000e+00	2022	9	29	6
	1117	246	279.250000	28.500000	9.925706e+04	0.000000e+00	2022	9	29	12
	1119	245	279.750000	28.750000	9.929862e+04	0.000000e+00	2022	9	29	18
	1123	241	280.750000	29.750000	9.891169e+04	0.000000e+00	2022	9	30	0
	1123	239	280.750000	30.250000	9.855475e+04	0.000000e+00	2022	9	30	6
	1124	232	281.000000	32.000000	9.805900e+04	0.000000e+00	2022	9	30	12
	1123	228	280.750000	33.000000	9.819138e+04	0.000000e+00	2022	9	30	18
	1123	221	280.750000	34.750000	9.918925e+04	0.000000e+00	2022	10	1	0
start	25	2022	9	26	6
	570	263	142.500000	24.250000	9.998125e+04	1.863900e+03	2022	9	26	6
	571	257	142.750000	25.750000	9.985994e+04	1.726560e+03	2022	9	26	12
	567	253	141.750000	26.750000	9.923931e+04	5.689789e+02	2022	9	26	18
	567	248	141.750000	28.000000	9.970969e+04	5.984111e+02	2022	9	27	0
	566	244	141.500000	29.000000	9.952312e+04	1.039862e+03	2022	9	27	6
	569	240	142.250000	30.000000	9.939475e+04	1.599033e+03	2022	9	27	12
	576	236	144.000000	31.000000	9.907444e+04	2.722275e+03	2022	9	27	18
	582	231	145.500000	32.250000	9.867319e+04	2.069910e+03	2022	9	28	0
	590	226	147.500000	33.500000	9.794194e+04	3.080340e+03	2022	9	28	6
	600	220	150.000000	35.000000	9.734656e+04	3.305970e+03	2022	9	28	12
	611	212	152.750000	37.000000	9.628050e+04	0.000000e+00	2022	9	28	18
	623	205	155.750000	38.750000	9.656331e+04	0.000000e+00	2022	9	29	0
	635	195	158.750000	41.250000	9.597281e+04	0.000000e+00	2022	9	29	6
	650	183	162.500000	44.250000	9.608806e+04	0.000000e+00	2022	9	29	12
	668	168	167.000000	48.000000	9.571612e+04	0.000000e+00	2022	9	29	18
	682	151	170.500000	52.250000	9.513619e+04	0.000000e+00	2022	9	30	0
	684	141	171.000000	54.750000	9.454150e+04	0.000000e+00	2022	9	30	6
	695	138	173.750000	55.500000	9.479625e+04	0.000000e+00	2022	9	30	12
	709	134	177.250000	56.500000	9.534138e+04	0.000000e+00	2022	9	30	18
	714	131	178.500000	57.250000	9.580300e+04	0.000000e+00	2022	10	1	0
	716	130	179.000000	57.500000	9.608669e+04	0.000000e+00	2022	10	1	6
	724	131	181.000000	57.250000	9.663744e+04	0.000000e+00	2022	10	1	12
	736	132	184.000000	57.000000	9.714419e+04	0.000000e+00	2022	10	1	18
	746	132	186.500000	57.000000	9.781944e+04	0.000000e+00	2022	10	2	0
	758	132	189.500000	57.000000	9.836006e+04	0.000000e+00	2022	10	2	6
start	15	2022	10	15	6
	498	285	124.500000	18.750000	9.947750e+04	1.844280e+03	2022	10	15	6
	493	283	123.250000	19.250000	9.938400e+04	2.099344e+03	2022	10	15	12
	488	284	122.000000	19.000000	9.882162e+04	1.231171e+03	2022	10	15	18
	483	282	120.750000	19.500000	9.902450e+04	0.000000e+00	2022	10	16	0
	479	282	119.750000	19.500000	9.882612e+04	0.000000e+00	2022	10	16	6
	476	282	119.000000	19.500000	9.881125e+04	0.000000e+00	2022	10	16	12
	472	282	118.000000	19.500000	9.843631e+04	0.000000e+00	2022	10	16	18
	468	282	117.000000	19.500000	9.881131e+04	0.000000e+00	2022	10	17	0
	465	284	116.250000	19.000000	9.843612e+04	0.000000e+00	2022	10	17	6
	462	285	115.500000	18.750000	9.883769e+04	0.000000e+00	2022	10	17	12
	458	287	114.500000	18.250000	9.871012e+04	0.000000e+00	2022	10	17	18
	456	288	114.000000	18.000000	9.925019e+04	0.000000e+00	2022	10	18	0
	453	289	113.250000	17.750000	9.923319e+04	0.000000e+00	2022	10	18	6
	450	291	112.500000	17.250000	9.947756e+04	0.000000e+00	2022	10	18	12
	446	291	111.500000	17.250000	9.964562e+04	0.000000e+00	2022	10	18	18
start	22	2022	10	28	6
	506	307	126.500000	13.250000	9.915000e+04	0.000000e+00	2022	10	28	6
	498	307	124.500000	13.250000	9.937612e+04	0.000000e+00	2022	10	28	12
	493	309	123.250000	12.750000	9.898219e+04	0.000000e+00	2022	10	28	18
	490	307	122.500000	13.250000	9.911750e+04	0.000000e+00	2022	10	29	0
	488	303	122.000000	14.250000	9.873869e+04	0.000000e+00	2022	10	29	6
	484	300	121.000000	15.000000	9.909731e+04	0.000000e+00	2022	10	29	12
	478	299	119.500000	15.250000	9.894394e+04	0.000000e+00	2022	10	29	18
	473	298	118.250000	15.500000	9.893888e+04	0.000000e+00	2022	10	30	0
	470	298	117.500000	15.500000	9.853444e+04	0.000000e+00	2022	10	30	6
	471	298	117.750000	15.500000	9.862025e+04	0.000000e+00	2022	10	30	12
	469	297	117.250000	15.750000	9.823188e+04	0.000000e+00	2022	10	30	18
	467	293	116.750000	16.750000	9.824944e+04	0.000000e+00	2022	10	31	0
	466	292	116.500000	17.000000	9.790462e+04	0.000000e+00	2022	10	31	6
	465	289	116.250000	17.750000	9.805594e+04	0.000000e+00	2022	10	31	12
	464	289	116.000000	17.750000	9.782388e+04	0.000000e+00	2022	10	31	18
	464	286	116.000000	18.500000	9.832150e+04	0.000000e+00	2022	11	1	0
	464	284	116.000000	19.000000	9.836094e+04	0.000000e+00	2022	11	1	6
	464	282	116.000000	19.500000	9.880931e+04	0.000000e+00	2022	11	1	12
	462	280	115.500000	20.000000	9.907875e+04	0.000000e+00	2022	11	1	18
	461	278	115.250000	20.500000	9.969925e+04	0.000000e+00	2022	11	2	0
	461	275	115.250000	21.250000	9.979762e+04	0.000000e+00	2022	11	2	6
	459	274	114.750000	21.500000	1.002282e+05	0.000000e+00	2022	11	2	12
start	12	2022	11	9	0
	1141	251	285.250000	27.250000	9.969319e+04	0.000000e+00	2022	11	9	0
	1139	253	284.750000	26.750000	9.956812e+04	0.000000e+00	2022	11	9	6
	1135	254	283.750000	26.500000	9.952631e+04	0.000000e+00	2022	11	9	12
	1132	253	283.000000	26.750000	9.939906e+04	0.000000e+00	2022	11	9	18
	1126	252	281.500000	27.000000	9.918394e+04	0.000000e+00	2022	11	10	0
	1121	251	280.250000	27.250000	9.892750e+04	0.000000e+00	2022	11	10	6
	1114	247	278.500000	28.250000	9.875112e+04	0.000000e+00	2022	11	10	12
	1109	244	277.250000	29.000000	9.893650e+04	0.000000e+00	2022	11	10	18
	1105	240	276.250000	30.000000	9.932919e+04	0.000000e+00	2022	11	11	0
	1102	235	275.500000	31.250000	9.959688e+04	0.000000e+00	2022	11	11	6
	1102	229	275.500000	32.750000	9.992756e+04	0.000000e+00	2022	11	11	12
	1108	215	277.000000	36.250000	9.998700e+04	0.000000e+00	2022	11	11	18
start	10	2022	11	22	6
	615	238	153.750000	30.500000	9.875962e+04	0.000000e+00	2022	11	22	6
	633	232	158.250000	32.000000	9.876700e+04	0.000000e+00	2022	11	22	18
	639	229	159.750000	32.750000	9.891544e+04	0.000000e+00	2022	11	23	0
	659	220	164.750000	35.000000	9.886031e+04	0.000000e+00	2022	11	23	12
	666	212	166.500000	37.000000	9.862794e+04	0.000000e+00	2022	11	23	18
	677	208	169.250000	38.000000	9.856125e+04	0.000000e+00	2022	11	24	0
	690	199	172.500000	40.250000	9.845019e+04	0.000000e+00	2022	11	24	6
	703	191	175.750000	42.250000	9.859431e+04	0.000000e+00	2022	11	24	12
	714	187	178.500000	43.250000	9.891000e+04	0.000000e+00	2022	11	24	18
	726	185	181.500000	43.750000	9.938275e+04	0.000000e+00	2022	11	25	0
start	12	2022	12	7	12
	341	327	85.250000	8.250000	9.921806e+04	0.000000e+00	2022	12	7	12
	342	323	85.500000	9.250000	9.943912e+04	0.000000e+00	2022	12	7	18
	338	322	84.500000	9.500000	9.908044e+04	0.000000e+00	2022	12	8	0
	336	321	84.000000	9.750000	9.914588e+04	0.000000e+00	2022	12	8	6
	334	320	83.500000	10.000000	9.892012e+04	0.000000e+00	2022	12	8	12
	331	317	82.750000	10.750000	9.890138e+04	0.000000e+00	2022	12	8	18
	328	316	82.000000	11.000000	9.880869e+04	0.000000e+00	2022	12	9	0
	325	315	81.250000	11.250000	9.919106e+04	0.000000e+00	2022	12	9	6
	324	312	81.000000	12.000000	9.894575e+04	0.000000e+00	2022	12	9	12
	322	310	80.500000	12.500000	9.939019e+04	0.000000e+00	2022	12	9	18
	319	309	79.750000	12.750000	9.969469e+04	0.000000e+00	2022	12	10	0
	317	309	79.250000	12.750000	1.003424e+05	0.000000e+00	2022	12	10	6
start	13	2022	12	10	6
	1291	201	322.750000	39.750000	9.518244e+04	0.000000e+00	2022	12	10	6
	1295	197	323.750000	40.750000	9.549350e+04	0.000000e+00	2022	12	10	12
	1300	192	325.000000	42.000000	9.569544e+04	0.000000e+00	2022	12	10	18
	1302	190	325.500000	42.500000	9.605069e+04	0.000000e+00	2022	12	11	0
	1306	187	326.500000	43.250000	9.626912e+04	0.000000e+00	2022	12	11	6
	1308	184	327.000000	44.000000	9.641462e+04	0.000000e+00	2022	12	11	12
	1311	182	327.750000	44.500000	9.641344e+04	0.000000e+00	2022	12	11	18
	1314	181	328.500000	44.750000	9.661712e+04	0.000000e+00	2022	12	12	0
	1317	180	329.250000	45.000000	9.671650e+04	0.000000e+00	2022	12	12	6
	1321	180	330.250000	45.000000	9.694812e+04	0.000000e+00	2022	12	12	12
	1326	181	331.500000	44.750000	9.716238e+04	0.000000e+00	2022	12	12	18
	1333	181	333.250000	44.750000	9.744938e+04	0.000000e+00	2022	12	13	0
	1341	181	335.250000	44.750000	9.758531e+04	0.000000e+00	2022	12	13	6
start	56	2022	12	17	12
	373	406	93.250000	-11.500000	9.972988e+04	0.000000e+00	2022	12	17	12
	374	408	93.500000	-12.000000	9.977975e+04	0.000000e+00	2022	12	17	18
	371	409	92.750000	-12.250000	9.958288e+04	1.962000e+01	2022	12	18	0
	371	408	92.750000	-12.000000	9.939631e+04	0.000000e+00	2022	12	18	6
	372	408	93.000000	-12.000000	9.909669e+04	9.314758e+01	2022	12	18	12
	373	408	93.250000	-12.000000	9.909606e+04	0.000000e+00	2022	12	18	18
	372	409	93.000000	-12.250000	9.873862e+04	0.000000e+00	2022	12	19	0
	372	410	93.000000	-12.500000	9.868412e+04	2.941821e+01	2022	12	19	6
	373	411	93.250000	-12.750000	9.845625e+04	0.000000e+00	2022	12	19	12
	373	412	93.250000	-13.000000	9.830119e+04	0.000000e+00	2022	12	19	18
	373	414	93.250000	-13.500000	9.833381e+04	0.000000e+00	2022	12	20	0
	371	416	92.750000	-14.000000	9.818738e+04	0.000000e+00	2022	12	20	6
	370	417	92.500000	-14.250000	9.800662e+04	0.000000e+00	2022	12	20	12
	368	417	92.000000	-14.250000	9.820962e+04	0.000000e+00	2022	12	20	18
	365	417	91.250000	-14.250000	9.833544e+04	0.000000e+00	2022	12	21	0
	363	415	90.750000	-13.750000	9.862138e+04	0.000000e+00	2022	12	21	6
	360	415	90.000000	-13.750000	9.838031e+04	0.000000e+00	2022	12	21	12
	357	414	89.250000	-13.500000	9.846962e+04	0.000000e+00	2022	12	21	18
	354	413	88.500000	-13.250000	9.811056e+04	0.000000e+00	2022	12	22	0
	350	412	87.500000	-13.000000	9.806606e+04	0.000000e+00	2022	12	22	6
	347	411	86.750000	-12.750000	9.797175e+04	0.000000e+00	2022	12	22	12
	343	411	85.750000	-12.750000	9.801175e+04	0.000000e+00	2022	12	22	18
	340	411	85.000000	-12.750000	9.761869e+04	0.000000e+00	2022	12	23	0
	337	410	84.250000	-12.500000	9.801581e+04	0.000000e+00	2022	12	23	6
	335	410	83.750000	-12.500000	9.737162e+04	0.000000e+00	2022	12	23	12
	333	409	83.250000	-12.250000	9.735238e+04	0.000000e+00	2022	12	23	18
	332	410	83.000000	-12.500000	9.725800e+04	0.000000e+00	2022	12	24	0
	332	410	83.000000	-12.500000	9.729762e+04	0.000000e+00	2022	12	24	6
	334	412	83.500000	-13.000000	9.708731e+04	0.000000e+00	2022	12	24	12
	336	414	84.000000	-13.500000	9.734475e+04	0.000000e+00	2022	12	24	18
	338	418	84.500000	-14.500000	9.699269e+04	0.000000e+00	2022	12	25	0
	338	420	84.500000	-15.000000	9.776294e+04	0.000000e+00	2022	12	25	6
	340	422	85.000000	-15.500000	9.760350e+04	0.000000e+00	2022	12	25	12
	340	424	85.000000	-16.000000	9.799500e+04	0.000000e+00	2022	12	25	18
	340	425	85.000000	-16.250000	9.795419e+04	0.000000e+00	2022	12	26	0
	340	427	85.000000	-16.750000	9.806856e+04	0.000000e+00	2022	12	26	6
	339	428	84.750000	-17.000000	9.812250e+04	0.000000e+00	2022	12	26	12
	337	428	84.250000	-17.000000	9.833444e+04	0.000000e+00	2022	12	26	18
	334	430	83.500000	-17.500000	9.822350e+04	0.000000e+00	2022	12	27	0
	330	431	82.500000	-17.750000	9.839138e+04	6.424343e+03	2022	12	27	6
	326	433	81.500000	-18.250000	9.848931e+04	1.579379e+03	2022	12	27	12
	321	435	80.250000	-18.750000	9.886319e+04	1.059480e+03	2022	12	27	18
	315	438	78.750000	-19.500000	9.892500e+04	4.797090e+03	2022	12	28	0
	310	441	77.500000	-20.250000	9.919300e+04	3.747447e+03	2022	12	28	6
	305	443	76.250000	-20.750000	9.914256e+04	2.727182e+03	2022	12	28	12
	300	446	75.000000	-21.500000	9.939562e+04	2.447611e+03	2022	12	28	18
	295	450	73.750000	-22.500000	9.942288e+04	1.854084e+03	2022	12	29	0
	290	454	72.500000	-23.500000	9.973681e+04	8.436589e+02	2022	12	29	6
	286	458	71.500000	-24.500000	9.969569e+04	2.305356e+02	2022	12	29	12
	282	462	70.500000	-25.500000	9.986894e+04	1.226252e+03	2022	12	29	18
	279	465	69.750000	-26.250000	9.961194e+04	5.297390e+02	2022	12	30	0
	277	469	69.250000	-27.250000	9.958712e+04	4.708890e+02	2022	12	30	6
	275	473	68.750000	-28.250000	9.930469e+04	5.886023e+02	2022	12	30	12
	275	476	68.750000	-29.000000	9.961525e+04	4.914666e+03	2022	12	30	18
	274	482	68.500000	-30.500000	9.961456e+04	1.706457e+04	2022	12	31	0
	273	486	68.250000	-31.500000	9.985188e+04	2.064019e+04	2022	12	31	6
